1 3 2
5
0 0 s
0 20 c 0 1
20 20 s
40 20 s
40 0 s
2 18 1
15 18 2
38 2 2
2 2 3
38 18 2
1 3 2
5
0 0 s
0 20 c 0 1
20 20 s
40 20 s
40 0 s
2 18 1
18 24 2
38 2 2
2 2 3
38 18 2
2 3 2
5
0 0 s
0 20 c 0 1
20 20 s
40 20 s
40 0 s
2
23 19 c 1 0
15 11 s
2 18 1
15 18 2
38 2 2
2 2 3
38 18 2
1 1 1
4
0 0 s
0 5 s
10 5 s
10 0 s
2 2 1
8 2 1
1 1 1
4
0 0 s
0 5 s
10 5 s
10 0 s
2 2 2
8 2 1
1 1 1
4
0 0 s
0 5 s
10 5 s
10 0 s
2 2 1
8 2 2
1 1 1
4
0 0 s
0 5 s
10 5 s
10 0 s
2 2 2
8 2 2
1 2 1
4
0 0 s
0 5 s
10 5 s
10 0 s
2 2 1
2 3 1
8 2 2
1 2 1
4
0 0 s
0 5 s
10 5 s
10 0 s
2 2 1
2 3 2
8 2 3
1 2 2
4
0 0 s
0 5 s
10 5 s
10 0 s
2 2 1
2 3 1
8 2 1
8 3 1
1 2 2
4
0 0 s
0 5 s
10 5 s
10 0 s
2 2 2
2 3 2
8 2 2
8 3 2
1 2 2
4
0 0 s
0 5 s
10 5 s
10 0 s
2 2 2
2 3 2
8 2 3
8 3 1
1 2 2
4
0 0 s
0 5 s
10 5 s
10 0 s
2 2 2
2 3 3
8 2 3
8 3 2
1 1 1
3
0 0 s
5 10 s
10 0 c 1 1
0 9 1
10 9 1
1 1 1
3
0 0 s
5 10 s
10 0 c 1 1
0 9 1
10 9 1
1 1 1
3
0 0 s
5 10 s
10 0 c 1 1
0 9 1
10 9 1
1 2 2
6
0 0 s
0 5 s
10 5 s
10 0 s
7 0 c 0 1
3 0 s
2 1 1
2 4 2
8 1 1
8 4 2
1 2 2
6
0 0 s
0 5 s
10 5 s
10 0 s
7 0 c 0 1
3 0 s
2 1 1
2 4 2
8 1 2
8 4 1
1 11 7
8
0 0 s
0 50 s
200 50 s
200 0 s
50 0 s
50 10 s
40 10 s
40 0 s
10 40 1
20 40 1
30 40 1
60 5 2
70 5 2
80 5 2
90 5 2
100 5 2
110 5 2
120 5 2
130 5 2
15 5 2
25 5 2
65 20 3
85 20 3
105 20 3
125 20 3
145 20 3
1 11 7
8
0 0 s
0 50 s
200 50 s
200 0 s
50 0 s
50 10 s
40 10 s
40 0 s
10 40 1
20 40 1
30 40 1
60 45 2
70 5 2
80 5 2
90 5 2
100 5 2
110 5 2
120 5 2
130 5 2
15 5 2
25 5 2
65 20 3
85 20 3
105 20 3
125 20 3
145 20 3
1 4 4
12
0 0 s
0 5 c -1 0
0 15 s
0 20 s
5 20 c 0 1
15 20 s
20 20 s
20 15 c 1 0
20 5 s
20 0 s
15 0 c 0 -1
5 0 s
3 2 4
2 18 4
18 18 4
18 2 4
1 1 4
1 19 4
19 19 4
19 1 4
1 4 4
12
0 0 s
0 5 c 1 0
0 15 s
0 20 s
5 20 c 0 -1
15 20 s
20 20 s
20 15 c -1 0
20 5 s
20 0 s
15 0 c 0 1
5 0 s
3 2 4
2 18 4
18 18 4
18 2 4
1 1 4
1 19 4
19 19 4
19 1 4
2 40 40
4
0 0 s
100 0 s
100 100 s
0 100 s
4
25 25 s
25 75 s
75 75 s
75 25 s
5 5 1
1 30 1
1 35 1
1 40 1
1 45 1
1 50 1
1 55 1
1 60 1
1 65 1
1 70 1
5 95 1
30 99 1
35 99 1
40 99 1
45 99 1
50 99 1
55 99 1
60 99 1
65 99 1
70 99 1
95 95 1
99 30 1
99 35 1
99 40 1
99 45 1
99 50 1
99 55 1
99 60 1
99 65 1
99 70 1
95 95 1
30 1 1
35 1 1
40 1 1
45 1 1
50 1 1
55 1 1
60 1 1
65 1 1
70 1 1
24 45 1
24 46 1
24 47 1
24 48 1
24 49 1
24 50 1
24 51 1
24 52 1
24 53 1
24 54 1
76 45 1
76 46 1
76 47 1
76 48 1
76 49 1
76 50 1
76 51 1
76 52 1
76 53 1
76 54 1
45 24 1
46 24 1
47 24 1
48 24 1
49 24 1
50 24 1
51 24 1
52 24 1
53 24 1
54 24 1
45 76 1
46 76 1
47 76 1
48 76 1
49 76 1
50 76 1
51 76 1
52 76 1
53 76 1
54 76 1
2 40 40
4
0 0 s
100 0 s
100 100 s
0 100 s
4
25 25 s
25 75 s
75 75 s
75 25 s
5 5 1
1 30 1
1 35 1
1 40 1
1 45 1
1 60 1
1 65 1
1 70 1
5 95 1
30 99 1
35 99 1
40 99 1
45 99 1
50 99 1
53 99 1
54 99 1
55 99 1
60 99 1
65 99 1
70 99 1
95 95 1
99 30 1
99 35 1
99 40 1
99 45 1
99 50 1
99 55 1
99 60 1
99 65 1
99 70 1
95 95 1
30 1 1
35 1 1
40 1 1
45 1 1
50 1 1
55 1 1
60 1 1
65 1 1
70 1 1
24 45 1
24 46 1
24 47 1
24 48 1
24 49 1
24 50 1
24 51 1
24 52 1
24 53 1
24 54 1
76 45 1
76 46 1
76 47 1
76 48 1
76 49 1
76 50 1
76 51 1
76 52 1
76 53 1
76 54 1
45 24 1
46 24 1
47 24 1
48 24 1
49 24 1
50 24 1
51 24 1
52 24 1
53 24 1
54 24 1
45 76 1
46 76 1
47 76 1
48 76 1
49 76 1
50 76 1
51 76 1
52 76 1
53 76 1
54 76 1
2 60 60
4
0 0 c -1 0
0 160 c 0 1
160 160 c 1 0
160 0 c 0 -1
4
6 6 s
6 154 s
154 154 s
154 6 s
10 5 1
20 5 1
30 5 1
40 5 1
50 5 1
60 5 1
70 5 1
80 5 1
90 5 1
100 5 1
110 5 1
120 5 1
130 5 1
140 5 1
150 5 1
5 10 1
5 20 1
5 30 1
5 40 1
5 50 1
5 60 1
5 70 1
5 80 1
5 90 1
5 100 1
5 110 1
5 120 1
5 130 1
5 140 1
5 150 1
10 155 2
20 155 1
30 155 1
40 155 1
50 155 1
60 155 1
70 155 1
80 155 1
90 155 1
100 155 1
110 155 1
120 155 1
130 155 1
140 155 1
150 155 2
155 10 1
155 20 1
155 30 1
155 40 1
155 50 1
155 60 1
155 70 1
155 80 1
155 90 1
155 100 1
155 110 1
155 120 1
155 130 1
155 140 1
155 150 1
5 5 2
5 15 1
5 25 1
5 35 1
5 45 1
5 55 1
5 65 1
5 75 1
5 85 1
5 95 1
5 105 1
5 115 1
5 125 1
5 135 1
5 145 1
5 155 1
15 155 1
25 155 1
35 155 1
45 155 1
55 155 1
65 155 1
75 155 1
85 155 1
95 155 1
105 155 1
115 155 1
125 155 1
135 155 1
145 155 1
155 5 2
155 15 1
155 25 1
155 35 1
155 45 1
155 55 1
155 65 1
155 75 1
155 85 1
155 95 1
155 105 1
155 115 1
155 125 1
155 135 1
155 145 1
155 155 1
15 5 1
25 5 1
35 5 1
45 5 1
55 5 1
65 5 1
75 5 1
85 5 1
95 5 1
105 5 1
115 5 1
125 5 1
135 5 1
145 5 1
2 60 60
4
0 0 c -1 0
0 160 c 0 1
160 160 c 1 0
160 0 c 0 -1
4
6 6 s
6 154 s
154 154 s
154 6 s
10 5 1
20 5 1
30 5 1
40 5 1
50 5 1
60 5 1
70 5 1
80 5 1
90 5 1
100 5 1
110 5 1
120 5 1
130 5 1
140 5 1
150 5 1
5 10 1
5 20 1
5 30 1
5 40 1
5 50 1
5 60 1
5 70 1
5 80 1
5 90 1
5 100 1
5 110 1
5 120 1
5 130 1
5 140 1
5 150 1
10 155 2
20 155 1
30 155 1
40 155 1
50 155 1
60 155 1
70 155 1
80 155 1
90 155 1
100 155 1
110 155 1
120 155 1
130 155 1
140 155 1
150 155 2
155 10 1
155 20 1
155 30 1
155 40 1
155 50 1
155 60 1
155 70 1
155 80 1
155 90 1
155 100 1
155 110 1
155 120 1
155 130 1
155 140 1
155 150 1
5 5 2
5 15 1
5 25 1
5 35 1
5 45 1
5 55 1
5 65 1
5 75 1
5 85 1
5 95 1
5 105 1
5 115 1
5 125 1
5 135 1
5 145 1
5 155 1
15 155 1
25 155 1
35 155 1
45 155 1
55 155 1
65 155 1
75 155 1
85 155 2
95 155 1
105 155 1
115 155 1
125 155 1
135 155 1
145 155 1
155 5 1
155 15 1
155 25 1
155 35 1
155 45 1
155 55 1
155 65 1
155 75 1
155 85 1
155 95 1
155 105 1
155 115 1
155 125 1
155 135 1
155 145 1
155 155 1
15 5 1
25 5 1
35 5 1
45 5 1
55 5 1
65 5 1
75 5 1
85 5 1
95 5 1
105 5 1
115 5 1
125 5 1
135 5 1
145 5 1
1 4 1
4
10 10 c -1 -1
10 20 c -1 1
20 20 c 1 1
20 10 c 1 -1
8 15 1
22 15 1
15 8 1
15 22 1
15 15 4
1 4 1
4
10 10 c -1 -1
10 20 c -1 1
20 20 c 1 1
20 10 c 1 -1
8 15 2
22 15 2
15 8 2
15 22 2
15 15 8
1 2 2
12
80 80 s
60 100 c -5 -4
40 120 s
20 140 s
40 160 c -4 5
60 180 s
80 200 s
100 180 c 5 4
120 160 s
140 140 s
120 120 c 4 -5
100 100 s
80 81 2
80 199 2
21 140 2
139 140 2
1 2 2
12
80 80 s
60 100 c 5 4
40 120 s
20 140 s
40 160 c -4 5
60 180 s
80 200 s
100 180 c 5 4
120 160 s
140 140 s
120 120 c 4 -5
100 100 s
80 81 2
80 199 2
21 140 2
139 140 2
1 2 2
12
80 80 s
60 100 c -5 -4
40 120 s
20 140 s
40 160 c 4 -5
60 180 s
80 200 s
100 180 c 5 4
120 160 s
140 140 s
120 120 c 4 -5
100 100 s
80 81 2
80 199 2
21 140 2
139 140 2
1 2 2
12
80 80 s
60 100 c -5 -4
40 120 s
20 140 s
40 160 c -4 5
60 180 s
80 200 s
100 180 c -5 -4
120 160 s
140 140 s
120 120 c 4 -5
100 100 s
80 81 2
80 199 2
21 140 2
139 140 2
1 2 2
12
80 80 s
60 100 c -5 -4
40 120 s
20 140 s
40 160 c -4 5
60 180 s
80 200 s
100 180 c 5 4
120 160 s
140 140 s
120 120 c -4 5
100 100 s
80 81 2
80 199 2
21 140 2
139 140 2
1 100 61
120
0 0 s
0 10 s
-5 10 s
-5 25 s
5 25 s
5 10 s
20 10 s
20 15 s
15 15 s
15 25 s
25 25 s
25 10 s
40 10 s
40 15 s
35 15 s
35 25 s
45 25 s
45 10 s
60 10 s
60 15 s
55 15 s
55 25 s
65 25 s
65 10 s
80 10 s
80 15 s
75 15 s
75 25 s
85 25 s
85 10 s
100 10 s
100 15 s
95 15 s
95 25 s
105 25 s
105 10 s
120 10 s
120 15 s
115 15 s
115 25 s
125 25 s
125 10 s
140 10 s
140 15 s
135 15 s
135 25 s
145 25 s
145 10 s
160 10 s
160 15 s
155 15 s
155 25 s
165 25 s
165 10 s
180 10 s
180 15 s
175 15 s
175 25 s
185 25 s
185 10 s
200 10 s
200 15 s
195 15 s
195 25 s
205 25 s
205 10 s
220 10 s
220 15 s
215 15 s
215 25 s
225 25 s
225 10 s
240 10 s
240 15 s
235 15 s
235 25 s
245 25 s
245 10 s
260 10 s
260 15 s
255 15 s
255 25 s
265 25 s
265 10 s
280 10 s
280 15 s
275 15 s
275 25 s
285 25 s
285 10 s
300 10 s
300 15 s
295 15 s
295 25 s
305 25 s
305 10 s
320 10 s
320 15 s
315 15 s
315 25 s
325 25 s
325 10 s
340 10 s
340 15 s
335 15 s
335 25 s
345 25 s
345 10 s
360 10 s
360 15 s
355 15 s
355 25 s
365 25 s
365 10 s
380 10 s
380 15 s
375 15 s
375 25 s
385 25 s
385 0 s
2 10 2
-3 17 2
-3 19 2
-3 21 2
-3 23 2
22 10 2
17 17 2
17 19 2
17 21 2
17 23 2
42 10 2
37 17 2
37 19 2
37 21 2
37 23 2
62 10 2
57 17 2
57 19 2
57 21 2
57 23 2
82 10 2
77 17 2
77 19 2
77 21 2
77 23 2
102 10 2
97 17 2
97 19 2
97 21 2
97 23 2
122 10 2
117 17 2
117 19 2
117 21 2
117 23 2
142 10 2
137 17 2
137 19 2
137 21 2
137 23 2
162 10 2
157 17 2
157 19 2
157 21 2
157 23 2
182 10 2
177 17 2
177 19 2
177 21 2
177 23 2
202 10 2
197 17 2
197 19 2
197 21 2
197 23 2
222 10 2
217 17 2
217 19 2
217 21 2
217 23 2
242 10 2
237 17 2
237 19 2
237 22 2
237 23 2
262 10 2
257 17 2
257 19 2
257 22 2
257 23 2
282 10 2
277 17 2
277 19 2
277 22 2
277 23 2
302 10 2
297 17 2
297 19 2
297 20 2
297 23 2
322 10 2
317 18 2
317 19 2
317 22 2
317 23 2
342 10 2
337 17 2
337 19 2
337 22 2
337 23 2
362 10 2
357 17 2
357 19 2
357 22 2
357 23 2
382 10 2
377 17 2
377 19 2
377 22 2
377 23 2
2 1 10
2 16 3
2 18 4
2 20 3
22 16 3
22 18 3
22 20 3
42 16 3
42 18 4
42 20 3
62 16 3
62 18 4
62 20 3
82 16 3
82 18 4
82 20 3
102 16 3
102 18 4
102 20 3
122 16 3
122 18 3
122 20 3
142 16 3
142 18 3
142 20 3
162 16 3
162 18 3
162 20 3
182 16 3
182 18 4
182 20 3
202 16 3
202 18 4
202 20 3
222 16 3
222 18 3
222 20 3
242 16 3
242 18 3
242 20 3
262 16 3
262 18 3
262 20 3
282 16 3
282 18 4
282 20 3
302 16 3
302 18 4
302 20 3
322 16 3
322 18 3
322 20 3
342 16 3
342 18 4
342 20 3
362 16 3
362 18 3
362 20 3
382 16 3
382 18 3
382 20 3
1 100 61
120
0 0 s
0 10 s
-5 10 s
-5 25 s
5 25 s
5 10 s
20 10 s
20 15 s
15 15 s
15 25 s
25 25 s
25 10 s
40 10 s
40 15 s
35 15 s
35 25 s
45 25 s
45 10 s
60 10 s
60 15 s
55 15 s
55 25 s
65 25 s
65 10 s
80 10 s
80 15 s
75 15 s
75 25 s
85 25 s
85 10 s
100 10 s
100 15 s
95 15 s
95 25 s
105 25 s
105 10 s
120 10 s
120 15 s
115 15 s
115 25 s
125 25 s
125 10 s
140 10 s
140 15 s
135 15 s
135 25 s
145 25 s
145 10 s
160 10 s
160 15 s
155 15 s
155 25 s
165 25 s
165 10 s
180 10 s
180 15 s
175 15 s
175 25 s
185 25 s
185 10 s
200 10 s
200 15 s
195 15 s
195 25 s
205 25 s
205 10 s
220 10 s
220 15 s
215 15 s
215 25 s
225 25 s
225 10 s
240 10 s
240 15 s
235 15 s
235 25 s
245 25 s
245 10 s
260 10 s
260 15 s
255 15 s
255 25 s
265 25 s
265 10 s
280 10 s
280 15 s
275 15 s
275 25 s
285 25 s
285 10 s
300 10 s
300 15 s
295 15 s
295 25 s
305 25 s
305 10 s
320 10 s
320 15 s
315 15 s
315 25 s
325 25 s
325 10 s
340 10 s
340 15 s
335 15 s
335 25 s
345 25 s
345 10 s
360 10 s
360 15 s
355 15 s
355 25 s
365 25 s
365 10 s
380 10 s
380 15 s
375 15 s
375 25 s
385 25 s
385 0 s
2 10 2
-3 17 2
-3 19 2
-3 21 2
-3 23 2
22 10 2
17 17 2
17 19 2
17 21 2
17 23 2
42 10 2
37 17 2
37 19 2
37 21 2
37 23 2
62 10 2
57 17 2
57 19 2
57 21 2
57 23 2
82 10 2
77 17 2
77 19 2
77 21 2
77 23 2
102 10 2
97 17 2
97 19 2
97 21 2
97 23 2
122 10 2
117 17 2
117 19 2
117 21 2
117 23 2
142 10 2
137 17 2
137 19 2
137 21 2
137 23 2
162 10 2
157 17 2
157 19 2
157 21 2
157 23 2
182 10 2
177 17 2
177 19 2
177 21 2
177 23 2
202 10 2
197 17 2
197 19 2
197 21 2
197 23 2
222 10 2
217 17 2
217 19 2
217 21 2
217 23 2
242 10 2
237 17 2
237 19 2
237 22 2
237 23 2
262 10 2
257 17 2
257 19 2
257 22 2
257 23 2
282 10 2
277 17 2
277 19 2
277 22 2
277 23 2
302 10 2
297 17 2
297 19 2
297 20 2
297 23 2
322 10 2
317 18 2
317 19 2
317 22 2
317 23 2
342 10 2
337 17 2
337 19 2
337 22 2
337 23 2
362 10 2
357 17 2
357 19 2
357 22 2
357 23 2
382 10 2
377 17 2
377 19 2
377 22 2
377 23 2
2 1 10
2 16 3
2 18 4
2 20 3
22 16 3
22 18 3
22 20 3
42 16 3
42 18 4
42 20 3
62 16 3
62 18 4
62 20 3
82 16 3
82 18 4
82 20 3
102 16 3
102 18 4
102 20 3
122 16 3
122 18 3
122 20 3
142 16 3
142 18 3
142 20 3
162 16 3
162 18 3
162 20 3
182 16 3
182 18 3
182 20 3
202 16 3
202 18 4
202 20 3
222 16 3
222 18 3
222 20 3
242 16 3
242 18 3
242 20 3
262 16 3
262 18 3
262 20 3
282 16 3
282 18 4
282 20 4
302 16 3
302 18 4
302 20 3
322 16 3
322 18 3
322 20 3
342 16 3
342 18 4
342 20 3
362 16 3
362 18 3
362 20 3
382 16 3
382 18 3
382 20 3
11 25 12
5
0 0 s
0 20 c -20 1
5 20 s
105 20 s
105 0 s
4
5 5 s
5 15 s
10 15 s
10 5 s
4
15 5 s
15 15 s
20 15 s
20 5 s
4
25 5 s
25 15 s
30 15 s
30 5 s
4
35 5 s
35 15 s
40 15 s
40 5 s
4
45 5 s
45 15 s
50 15 s
50 5 s
4
55 5 s
55 15 s
60 15 s
60 5 s
4
65 5 s
65 15 s
70 15 s
70 5 s
4
75 5 s
75 15 s
80 15 s
80 5 s
4
85 5 s
85 15 s
90 15 s
90 5 s
4
95 5 s
95 15 s
100 15 s
100 5 s
0 25 1
6 25 1
0 26 1
3 26 1
6 26 1
0 27 1
3 27 1
6 27 1
0 28 1
2 28 1
6 28 1
0 29 1
3 29 1
6 29 1
3 4 2
13 18 2
23 4 2
33 18 2
43 4 2
52 18 1
63 4 2
72 18 2
83 4 2
92 18 2
103 4 2
3 25 4
13 4 2
23 18 2
33 4 2
43 18 2
53 4 2
63 18 2
73 4 2
83 18 2
93 4 2
103 18 2
7 27 11
11 25 12
5
0 0 s
0 20 c -20 1
5 20 s
105 20 s
105 0 s
4
5 5 s
5 15 s
10 15 s
10 5 s
4
15 5 s
15 15 s
20 15 s
20 5 s
4
25 5 s
25 15 s
30 15 s
30 5 s
4
35 5 s
35 15 s
40 15 s
40 5 s
4
45 5 s
45 15 s
50 15 s
50 5 s
4
55 5 s
55 15 s
60 15 s
60 5 s
4
65 5 s
65 15 s
70 15 s
70 5 s
4
75 5 s
75 15 s
80 15 s
80 5 s
4
85 5 s
85 15 s
90 15 s
90 5 s
4
95 5 s
95 15 s
100 15 s
100 5 s
0 25 1
6 25 1
0 26 1
3 26 1
6 26 1
0 27 1
3 27 1
6 27 1
0 28 1
2 28 1
6 28 1
0 29 1
3 29 1
6 29 1
3 4 2
13 18 2
23 4 2
33 18 2
43 4 2
52 18 2
63 4 2
72 18 2
83 4 2
92 18 2
103 4 1
3 25 4
13 4 2
23 18 2
33 4 2
43 18 2
53 4 2
63 18 2
73 4 2
83 18 2
93 4 2
103 18 2
7 27 11
11 25 12
5
0 0 s
0 20 c -20 1
5 20 s
105 20 s
105 0 s
4
5 5 s
5 15 s
10 15 s
10 5 s
4
15 5 s
15 15 s
20 15 s
20 5 s
4
25 5 s
25 15 s
30 15 s
30 5 s
4
35 5 s
35 15 s
40 15 s
40 5 s
4
45 5 s
45 15 s
50 15 s
50 5 s
4
55 5 s
55 15 s
60 15 s
60 5 s
4
65 5 s
65 15 s
70 15 s
70 5 s
4
75 5 s
75 15 s
80 15 s
80 5 s
4
85 5 s
85 15 s
90 15 s
90 5 s
4
95 5 s
95 15 s
100 15 s
100 5 s
0 25 1
6 25 1
0 26 1
3 26 1
6 26 1
0 27 1
3 27 1
6 27 1
0 28 1
2 28 1
6 28 1
0 29 1
3 29 1
6 29 1
3 4 2
13 18 2
23 4 2
33 18 2
43 4 2
52 18 2
63 4 2
72 18 2
83 4 2
92 18 2
103 4 2
3 25 5
13 4 2
23 18 2
33 4 2
43 18 2
53 4 2
63 18 2
73 4 2
83 18 2
93 4 2
103 18 2
7 27 11
1 40 40
4
0 0 s
0 2 c -50 1
2 2 s
2 0 c 50 -1
3 4 1
3 5 1
3 6 1
3 7 1
3 8 1
3 9 1
3 10 1
3 11 1
3 12 1
3 13 1
3 14 1
3 15 1
3 16 1
3 17 1
3 18 1
3 19 1
3 20 1
3 21 1
3 22 1
3 23 1
-1 -4 1
-1 -5 1
-1 -6 1
-1 -7 1
-1 -8 1
-1 -9 1
-1 -10 1
-1 -11 1
-1 -12 1
-1 -13 1
-1 -14 1
-1 -15 1
-1 -16 1
-1 -17 1
-1 -18 1
-1 -19 1
-1 -20 1
-1 -21 1
-1 -22 1
-1 -23 1
1 1 1
-1 4 1
-1 5 1
-1 6 1
-1 7 1
-1 8 1
-1 9 1
-1 10 1
-1 11 1
-1 12 1
-1 13 1
-1 14 1
-1 15 1
-1 16 1
-1 17 1
-1 18 1
-1 19 1
-1 20 1
-1 21 1
-1 22 1
3 -4 1
3 -5 1
3 -6 1
3 -7 1
3 -8 1
3 -9 1
3 -10 1
3 -11 1
3 -12 1
3 -13 1
3 -14 1
3 -15 1
3 -16 1
3 -17 1
3 -18 1
3 -19 1
3 -20 1
3 -21 1
3 -22 1
3 -23 1
1 40 40
4
0 0 s
0 2 c -50 1
2 2 s
2 0 c 50 -1
3 4 1
3 5 1
3 6 1
3 7 1
3 8 1
3 9 1
3 10 1
3 11 1
3 12 1
3 13 1
3 14 1
3 15 1
3 16 1
3 17 1
3 18 1
3 19 1
3 20 1
3 21 1
3 22 1
3 23 1
-1 -4 1
-1 -5 1
-1 -6 1
-1 -7 1
-1 -8 1
-1 -9 1
-1 -10 1
-1 -11 1
-1 -12 1
-1 -13 1
-1 -14 1
-1 -15 1
-1 -16 1
-1 -17 1
-1 -18 1
-1 -19 1
-1 -20 1
-1 -21 1
-1 -22 1
-1 -23 1
1 1 1
-1 5 1
-1 6 1
-1 7 1
-1 8 1
-1 9 1
-1 10 1
-1 11 1
-1 12 1
-1 13 1
-1 14 1
-1 15 1
-1 16 1
-1 17 1
-1 18 1
-1 19 1
-1 20 1
-1 21 1
-1 22 1
3 -4 1
3 -5 1
3 -6 1
3 -7 1
3 -8 1
3 -9 1
3 -10 1
3 -11 1
3 -12 1
3 -13 1
3 -14 1
3 -15 1
3 -16 1
3 -17 1
3 -18 1
3 -19 1
3 -20 1
3 -21 1
3 -22 1
3 -23 1
3 -24 1
2 9 10
19
10 100 s
20 120 s
70 130 s
110 160 s
90 170 s
70 150 s
10 170 s
60 280 s
80 270 s
50 300 s
150 320 s
220 260 s
290 320 s
260 140 s
220 140 s
300 100 s
180 50 s
190 90 s
130 60 s
19
20 100 s
30 110 s
70 120 s
120 160 s
90 180 s
70 160 s
20 170 s
60 270 s
100 260 s
60 300 s
150 310 s
220 250 s
280 300 s
250 150 s
210 140 s
290 100 s
190 60 s
200 100 s
130 70 s
25 115 1
115 160 1
70 155 2
60 275 1
55 300 1
220 255 1
255 145 1
295 100 1
195 95 1
15 101 1
71 125 1
90 175 1
15 170 1
90 265 1
150 315 1
285 310 1
215 140 1
185 55 1
130 65 1
2 9 10
19
10 100 s
20 120 s
70 130 s
110 160 s
90 170 s
70 150 s
10 170 s
60 280 s
80 270 s
50 300 s
150 320 s
220 260 s
290 320 s
260 140 s
220 140 s
300 100 s
180 50 s
190 90 s
130 60 s
19
20 100 s
30 110 s
70 120 s
120 160 s
90 180 s
70 160 s
20 170 s
60 270 s
100 260 s
60 300 s
150 310 s
220 250 s
280 300 s
250 150 s
210 140 s
290 100 s
190 60 s
200 100 s
130 70 s
25 115 1
115 160 1
70 155 1
60 275 1
55 300 1
220 255 2
255 145 2
295 100 1
195 95 1
15 101 1
71 125 1
90 175 2
15 170 1
90 265 1
150 315 1
285 310 1
215 140 1
185 55 1
130 65 1
1 7 1
20
111 124 c -11 2
113 125 s
116 118 s
146 148 c -2 7
147 145 s
118 116 s
124 113 c 5 9
123 111 s
113 101 c 12 -5
111 100 s
106 105 s
101 100 c -1 -6
101 102 s
105 106 s
100 111 c -21 -20
101 113 s
105 118 s
100 123 c -3 -2
101 124 s
106 119 s
95 112 1
112 126 1
169 112 1
112 99 1
96 128 1
192 192 1
95 95 1
112 112 7
2 24 8
24
180 100 s
160 120 c -10 1
130 150 s
100 180 s
100 200 c -1 2
100 240 s
100 260 s
130 290 c 1 10
160 320 s
180 340 s
200 340 c 2 1
250 340 s
270 340 s
290 320 c 10 -1
320 290 s
350 260 s
350 240 c 1 -2
350 200 s
350 180 s
320 150 c -1 -10
290 120 s
270 100 s
250 100 c -2 -1
200 100 s
24
190 110 s
170 130 c -1 10
140 160 s
110 190 s
110 200 c 1 2
110 240 s
110 250 s
140 280 c 10 1
170 310 s
190 330 s
200 330 c 2 -1
250 330 s
260 330 s
280 310 c 1 -10
310 280 s
340 250 s
340 240 c -1 -2
340 200 s
340 190 s
310 160 c -10 -1
280 130 s
260 110 s
250 110 c -2 1
200 110 s
185 105 1
105 185 1
105 255 1
185 335 1
265 335 1
345 255 1
345 185 1
265 105 1
225 114 1
224 96 1
225 344 1
225 326 1
97 220 1
113 220 1
337 220 1
353 220 1
155 145 1
145 135 1
155 295 1
145 305 1
305 305 1
295 295 1
295 145 1
305 135 1
225 105 3
225 335 3
105 220 3
345 220 3
150 140 3
150 300 3
300 300 3
300 140 3
2 24 8
24
180 100 s
160 120 c -10 1
130 150 s
100 180 s
100 200 c -1 2
100 240 s
100 260 s
130 290 c 1 10
160 320 s
180 340 s
200 340 c 2 1
250 340 s
270 340 s
290 320 c 10 -1
320 290 s
350 260 s
350 240 c 1 -2
350 200 s
350 180 s
320 150 c -1 -10
290 120 s
270 100 s
250 100 c -2 -1
200 100 s
24
190 110 s
170 130 c -1 10
140 160 s
110 190 s
110 200 c 1 2
110 240 s
110 250 s
140 280 c 10 1
170 310 s
190 330 s
200 330 c 2 -1
250 330 s
260 330 s
280 310 c 1 -10
310 280 s
340 250 s
340 240 c -1 -2
340 200 s
340 190 s
310 160 c -10 -1
280 130 s
260 110 s
250 110 c -2 1
200 110 s
185 105 1
105 185 1
105 255 1
185 335 1
265 335 1
345 255 1
345 185 1
265 105 1
225 114 1
224 96 1
225 344 1
225 326 1
97 220 1
113 220 1
337 220 1
353 220 1
155 145 1
145 135 1
155 295 1
145 305 1
305 305 1
295 295 1
295 145 1
305 135 1
225 105 4
225 335 3
105 220 4
345 220 3
150 140 2
150 300 3
300 300 3
300 140 2
2 24 8
24
180 100 s
160 120 c -10 1
130 150 s
100 180 s
100 200 c -1 2
100 240 s
100 260 s
130 290 c 1 10
160 320 s
180 340 s
200 340 c 2 1
250 340 s
270 340 s
290 320 c 10 -1
320 290 s
350 260 s
350 240 c 1 -2
350 200 s
350 180 s
320 150 c -1 -10
290 120 s
270 100 s
250 100 c -2 -1
200 100 s
24
190 110 s
170 130 c -1 10
140 160 s
110 190 s
110 200 c 1 2
110 240 s
110 250 s
140 280 c 10 1
170 310 s
190 330 s
200 330 c 2 -1
250 330 s
260 330 s
280 310 c 1 -10
310 280 s
340 250 s
340 240 c -1 -2
340 200 s
340 190 s
310 160 c -10 -1
280 130 s
260 110 s
250 110 c -2 1
200 110 s
185 105 1
105 185 1
105 255 1
185 335 1
265 335 1
345 255 1
345 185 1
265 105 1
225 114 1
224 96 1
225 344 1
225 326 1
97 220 1
113 220 1
337 220 1
353 220 1
155 145 1
145 135 1
155 295 1
145 305 1
305 305 1
295 295 1
295 145 1
305 135 1
225 105 4
225 335 4
105 220 3
345 220 3
150 140 2
150 300 2
300 300 3
300 140 3
31 24 20
4
0 0 s
0 130000 s
110000 130000 s
110000 0 s
4
10000 10000 s
10000 20000 s
20000 20000 s
20000 10000 s
4
10000 30000 s
10000 40000 s
20000 40000 s
20000 30000 s
4
10000 50000 s
10000 60000 s
20000 60000 s
20000 50000 s
4
10000 70000 s
10000 80000 s
20000 80000 s
20000 70000 s
4
10000 90000 s
10000 100000 s
20000 100000 s
20000 90000 s
4
10000 110000 s
10000 120000 s
20000 120000 s
20000 110000 s
4
30000 10000 s
30000 20000 s
40000 20000 s
40000 10000 s
4
30000 30000 s
30000 40000 s
40000 40000 s
40000 30000 s
4
30000 50000 s
30000 60000 s
40000 60000 s
40000 50000 s
4
30000 70000 s
30000 80000 s
40000 80000 s
40000 70000 s
4
30000 90000 s
30000 100000 s
40000 100000 s
40000 90000 s
4
30000 110000 s
30000 120000 s
40000 120000 s
40000 110000 s
4
50000 10000 s
50000 20000 s
60000 20000 s
60000 10000 s
4
50000 30000 s
50000 40000 s
60000 40000 s
60000 30000 s
4
50000 50000 s
50000 60000 s
60000 60000 s
60000 50000 s
4
50000 70000 s
50000 80000 s
60000 80000 s
60000 70000 s
4
50000 90000 s
50000 100000 s
60000 100000 s
60000 90000 s
4
50000 110000 s
50000 120000 s
60000 120000 s
60000 110000 s
4
70000 10000 s
70000 20000 s
80000 20000 s
80000 10000 s
4
70000 30000 s
70000 40000 s
80000 40000 s
80000 30000 s
4
70000 50000 s
70000 60000 s
80000 60000 s
80000 50000 s
4
70000 70000 s
70000 80000 s
80000 80000 s
80000 70000 s
4
70000 90000 s
70000 100000 s
80000 100000 s
80000 90000 s
4
70000 110000 s
70000 120000 s
80000 120000 s
80000 110000 s
4
90000 10000 s
90000 20000 s
100000 20000 s
100000 10000 s
4
90000 30000 s
90000 40000 s
100000 40000 s
100000 30000 s
4
90000 50000 s
90000 60000 s
100000 60000 s
100000 50000 s
4
90000 70000 s
90000 80000 s
100000 80000 s
100000 70000 s
4
90000 90000 s
90000 100000 s
100000 100000 s
100000 90000 s
4
90000 110000 s
90000 120000 s
100000 120000 s
100000 110000 s
25001 15001 1
25001 35001 1
25001 55001 1
25001 75001 1
25001 95001 1
25001 115001 1
45001 15001 1
45001 35001 1
45001 55001 1
45001 75001 1
45001 95001 1
45001 115001 1
65001 15001 1
65001 35001 1
65001 55001 1
65001 75001 1
65001 95001 1
65001 115001 1
85001 15001 1
85001 35001 1
85001 55001 1
85001 75001 1
85001 95001 1
85001 115001 1
25000 25000 1
25000 45000 1
25000 65000 1
25000 85000 1
25000 105000 1
45000 25000 1
45000 45000 1
45000 65000 1
45000 85000 2
45000 105000 1
65000 25000 1
65000 45000 2
65000 65000 1
65000 85000 1
65000 105000 1
85000 25000 2
85000 45000 1
85000 65000 2
85000 85000 1
85000 105000 2
31 24 20
4
0 0 s
0 130000 s
110000 130000 s
110000 0 s
4
10000 10000 s
10000 20000 s
20000 20000 s
20000 10000 s
4
10000 30000 s
10000 40000 s
20000 40000 s
20000 30000 s
4
10000 50000 s
10000 60000 s
20000 60000 s
20000 50000 s
4
10000 70000 s
10000 80000 s
20000 80000 s
20000 70000 s
4
10000 90000 s
10000 100000 s
20000 100000 s
20000 90000 s
4
10000 110000 s
10000 120000 s
20000 120000 s
20000 110000 s
4
30000 10000 s
30000 20000 s
40000 20000 s
40000 10000 s
4
30000 30000 s
30000 40000 s
40000 40000 s
40000 30000 s
4
30000 50000 s
30000 60000 s
40000 60000 s
40000 50000 s
4
30000 70000 s
30000 80000 s
40000 80000 s
40000 70000 s
4
30000 90000 s
30000 100000 s
40000 100000 s
40000 90000 s
4
30000 110000 s
30000 120000 s
40000 120000 s
40000 110000 s
4
50000 10000 s
50000 20000 s
60000 20000 s
60000 10000 s
4
50000 30000 s
50000 40000 s
60000 40000 s
60000 30000 s
4
50000 50000 s
50000 60000 s
60000 60000 s
60000 50000 s
4
50000 70000 s
50000 80000 s
60000 80000 s
60000 70000 s
4
50000 90000 s
50000 100000 s
60000 100000 s
60000 90000 s
4
50000 110000 s
50000 120000 s
60000 120000 s
60000 110000 s
4
70000 10000 s
70000 20000 s
80000 20000 s
80000 10000 s
4
70000 30000 s
70000 40000 s
80000 40000 s
80000 30000 s
4
70000 50000 s
70000 60000 s
80000 60000 s
80000 50000 s
4
70000 70000 s
70000 80000 s
80000 80000 s
80000 70000 s
4
70000 90000 s
70000 100000 s
80000 100000 s
80000 90000 s
4
70000 110000 s
70000 120000 s
80000 120000 s
80000 110000 s
4
90000 10000 s
90000 20000 s
100000 20000 s
100000 10000 s
4
90000 30000 s
90000 40000 s
100000 40000 s
100000 30000 s
4
90000 50000 s
90000 60000 s
100000 60000 s
100000 50000 s
4
90000 70000 s
90000 80000 s
100000 80000 s
100000 70000 s
4
90000 90000 s
90000 100000 s
100000 100000 s
100000 90000 s
4
90000 110000 s
90000 120000 s
100000 120000 s
100000 110000 s
25001 15001 1
25001 35001 1
25001 55001 1
25001 75001 1
25001 95001 1
25001 115001 1
45001 15001 1
45001 35001 1
45001 55001 1
45001 75001 1
45001 95001 1
45001 115001 1
65001 15001 1
65001 35001 1
65001 55001 1
65001 75001 1
65001 95001 1
65001 115001 1
85001 15001 1
85001 35001 1
85001 55001 1
85001 75001 1
85001 95001 1
85001 115001 1
25000 25000 1
25000 45000 1
25000 65000 2
25000 85000 1
25000 105000 1
45000 25000 1
45000 45000 1
45000 65000 1
45000 85000 2
45000 105000 1
65000 25000 1
65000 45000 2
65000 65000 1
65000 85000 1
65000 105000 1
85000 25000 2
85000 45000 1
85000 65000 1
85000 85000 1
85000 105000 2
0 0 0

