2 40 40
4
0 0 s
100 0 s
100 100 s
0 100 s
4
25 25 s
25 75 s
75 75 s
75 25 s
5 5 1
1 30 1
1 35 1
1 40 1
1 45 1
1 50 1
1 55 1
1 60 1
1 65 1
1 70 1
5 95 1
30 99 1
35 99 1
40 99 1
45 99 1
50 99 1
55 99 1
60 99 1
65 99 1
70 99 1
95 95 1
99 30 1
99 35 1
99 40 1
99 45 1
99 50 1
99 55 1
99 60 1
99 65 1
99 70 1
95 95 1
30 1 1
35 1 1
40 1 1
45 1 1
50 1 1
55 1 1
60 1 1
65 1 1
70 1 1
24 45 1
24 46 1
24 47 1
24 48 1
24 49 1
24 50 1
24 51 1
24 52 1
24 53 1
24 54 1
76 45 1
76 46 1
76 47 1
76 48 1
76 49 1
76 50 1
76 51 1
76 52 1
76 53 1
76 54 1
45 24 1
46 24 1
47 24 1
48 24 1
49 24 1
50 24 1
51 24 1
52 24 1
53 24 1
54 24 1
45 76 1
46 76 1
47 76 1
48 76 1
49 76 1
50 76 1
51 76 1
52 76 1
53 76 1
54 76 1
0 0 0
