2 60 60
4
0 0 c -1 0
0 160 c 0 1
160 160 c 1 0
160 0 c 0 -1
4
6 6 s
6 154 s
154 154 s
154 6 s
10 5 1
20 5 1
30 5 1
40 5 1
50 5 1
60 5 1
70 5 1
80 5 1
90 5 1
100 5 1
110 5 1
120 5 1
130 5 1
140 5 1
150 5 1
5 10 1
5 20 1
5 30 1
5 40 1
5 50 1
5 60 1
5 70 1
5 80 1
5 90 1
5 100 1
5 110 1
5 120 1
5 130 1
5 140 1
5 150 1
10 155 2
20 155 1
30 155 1
40 155 1
50 155 1
60 155 1
70 155 1
80 155 1
90 155 1
100 155 1
110 155 1
120 155 1
130 155 1
140 155 1
150 155 2
155 10 1
155 20 1
155 30 1
155 40 1
155 50 1
155 60 1
155 70 1
155 80 1
155 90 1
155 100 1
155 110 1
155 120 1
155 130 1
155 140 1
155 150 1
5 5 2
5 15 1
5 25 1
5 35 1
5 45 1
5 55 1
5 65 1
5 75 1
5 85 1
5 95 1
5 105 1
5 115 1
5 125 1
5 135 1
5 145 1
5 155 1
15 155 1
25 155 1
35 155 1
45 155 1
55 155 1
65 155 1
75 155 1
85 155 1
95 155 1
105 155 1
115 155 1
125 155 1
135 155 1
145 155 1
155 5 2
155 15 1
155 25 1
155 35 1
155 45 1
155 55 1
155 65 1
155 75 1
155 85 1
155 95 1
155 105 1
155 115 1
155 125 1
155 135 1
155 145 1
155 155 1
15 5 1
25 5 1
35 5 1
45 5 1
55 5 1
65 5 1
75 5 1
85 5 1
95 5 1
105 5 1
115 5 1
125 5 1
135 5 1
145 5 1
0 0 0
