1 100 61
120
0 0 s
0 10 s
-5 10 s
-5 25 s
5 25 s
5 10 s
20 10 s
20 15 s
15 15 s
15 25 s
25 25 s
25 10 s
40 10 s
40 15 s
35 15 s
35 25 s
45 25 s
45 10 s
60 10 s
60 15 s
55 15 s
55 25 s
65 25 s
65 10 s
80 10 s
80 15 s
75 15 s
75 25 s
85 25 s
85 10 s
100 10 s
100 15 s
95 15 s
95 25 s
105 25 s
105 10 s
120 10 s
120 15 s
115 15 s
115 25 s
125 25 s
125 10 s
140 10 s
140 15 s
135 15 s
135 25 s
145 25 s
145 10 s
160 10 s
160 15 s
155 15 s
155 25 s
165 25 s
165 10 s
180 10 s
180 15 s
175 15 s
175 25 s
185 25 s
185 10 s
200 10 s
200 15 s
195 15 s
195 25 s
205 25 s
205 10 s
220 10 s
220 15 s
215 15 s
215 25 s
225 25 s
225 10 s
240 10 s
240 15 s
235 15 s
235 25 s
245 25 s
245 10 s
260 10 s
260 15 s
255 15 s
255 25 s
265 25 s
265 10 s
280 10 s
280 15 s
275 15 s
275 25 s
285 25 s
285 10 s
300 10 s
300 15 s
295 15 s
295 25 s
305 25 s
305 10 s
320 10 s
320 15 s
315 15 s
315 25 s
325 25 s
325 10 s
340 10 s
340 15 s
335 15 s
335 25 s
345 25 s
345 10 s
360 10 s
360 15 s
355 15 s
355 25 s
365 25 s
365 10 s
380 10 s
380 15 s
375 15 s
375 25 s
385 25 s
385 0 s
2 10 2
-3 17 2
-3 19 2
-3 21 2
-3 23 2
22 10 2
17 17 2
17 19 2
17 21 2
17 23 2
42 10 2
37 17 2
37 19 2
37 21 2
37 23 2
62 10 2
57 17 2
57 19 2
57 21 2
57 23 2
82 10 2
77 17 2
77 19 2
77 21 2
77 23 2
102 10 2
97 17 2
97 19 2
97 21 2
97 23 2
122 10 2
117 17 2
117 19 2
117 21 2
117 23 2
142 10 2
137 17 2
137 19 2
137 21 2
137 23 2
162 10 2
157 17 2
157 19 2
157 21 2
157 23 2
182 10 2
177 17 2
177 19 2
177 21 2
177 23 2
202 10 2
197 17 2
197 19 2
197 21 2
197 23 2
222 10 2
217 17 2
217 19 2
217 21 2
217 23 2
242 10 2
237 17 2
237 19 2
237 22 2
237 23 2
262 10 2
257 17 2
257 19 2
257 22 2
257 23 2
282 10 2
277 17 2
277 19 2
277 22 2
277 23 2
302 10 2
297 17 2
297 19 2
297 20 2
297 23 2
322 10 2
317 18 2
317 19 2
317 22 2
317 23 2
342 10 2
337 17 2
337 19 2
337 22 2
337 23 2
362 10 2
357 17 2
357 19 2
357 22 2
357 23 2
382 10 2
377 17 2
377 19 2
377 22 2
377 23 2
2 1 10
2 16 3
2 18 4
2 20 3
22 16 3
22 18 3
22 20 3
42 16 3
42 18 4
42 20 3
62 16 3
62 18 4
62 20 3
82 16 3
82 18 4
82 20 3
102 16 3
102 18 4
102 20 3
122 16 3
122 18 3
122 20 3
142 16 3
142 18 3
142 20 3
162 16 3
162 18 3
162 20 3
182 16 3
182 18 3
182 20 3
202 16 3
202 18 4
202 20 3
222 16 3
222 18 3
222 20 3
242 16 3
242 18 3
242 20 3
262 16 3
262 18 3
262 20 3
282 16 3
282 18 4
282 20 4
302 16 3
302 18 4
302 20 3
322 16 3
322 18 3
322 20 3
342 16 3
342 18 4
342 20 3
362 16 3
362 18 3
362 20 3
382 16 3
382 18 3
382 20 3
0 0 0
