11 25 12
5
0 0 s
0 20 c -20 1
5 20 s
105 20 s
105 0 s
4
5 5 s
5 15 s
10 15 s
10 5 s
4
15 5 s
15 15 s
20 15 s
20 5 s
4
25 5 s
25 15 s
30 15 s
30 5 s
4
35 5 s
35 15 s
40 15 s
40 5 s
4
45 5 s
45 15 s
50 15 s
50 5 s
4
55 5 s
55 15 s
60 15 s
60 5 s
4
65 5 s
65 15 s
70 15 s
70 5 s
4
75 5 s
75 15 s
80 15 s
80 5 s
4
85 5 s
85 15 s
90 15 s
90 5 s
4
95 5 s
95 15 s
100 15 s
100 5 s
0 25 1
6 25 1
0 26 1
3 26 1
6 26 1
0 27 1
3 27 1
6 27 1
0 28 1
2 28 1
6 28 1
0 29 1
3 29 1
6 29 1
3 4 2
13 18 2
23 4 2
33 18 2
43 4 2
52 18 1
63 4 2
72 18 2
83 4 2
92 18 2
103 4 2
3 25 4
13 4 2
23 18 2
33 4 2
43 18 2
53 4 2
63 18 2
73 4 2
83 18 2
93 4 2
103 18 2
7 27 11
0 0 0
