1 40 40
4
0 0 s
0 2 c -50 1
2 2 s
2 0 c 50 -1
3 4 1
3 5 1
3 6 1
3 7 1
3 8 1
3 9 1
3 10 1
3 11 1
3 12 1
3 13 1
3 14 1
3 15 1
3 16 1
3 17 1
3 18 1
3 19 1
3 20 1
3 21 1
3 22 1
3 23 1
-1 -4 1
-1 -5 1
-1 -6 1
-1 -7 1
-1 -8 1
-1 -9 1
-1 -10 1
-1 -11 1
-1 -12 1
-1 -13 1
-1 -14 1
-1 -15 1
-1 -16 1
-1 -17 1
-1 -18 1
-1 -19 1
-1 -20 1
-1 -21 1
-1 -22 1
-1 -23 1
1 1 1
-1 5 1
-1 6 1
-1 7 1
-1 8 1
-1 9 1
-1 10 1
-1 11 1
-1 12 1
-1 13 1
-1 14 1
-1 15 1
-1 16 1
-1 17 1
-1 18 1
-1 19 1
-1 20 1
-1 21 1
-1 22 1
3 -4 1
3 -5 1
3 -6 1
3 -7 1
3 -8 1
3 -9 1
3 -10 1
3 -11 1
3 -12 1
3 -13 1
3 -14 1
3 -15 1
3 -16 1
3 -17 1
3 -18 1
3 -19 1
3 -20 1
3 -21 1
3 -22 1
3 -23 1
3 -24 1
0 0 0
