2 9 10
19
10 100 s
20 120 s
70 130 s
110 160 s
90 170 s
70 150 s
10 170 s
60 280 s
80 270 s
50 300 s
150 320 s
220 260 s
290 320 s
260 140 s
220 140 s
300 100 s
180 50 s
190 90 s
130 60 s
19
20 100 s
30 110 s
70 120 s
120 160 s
90 180 s
70 160 s
20 170 s
60 270 s
100 260 s
60 300 s
150 310 s
220 250 s
280 300 s
250 150 s
210 140 s
290 100 s
190 60 s
200 100 s
130 70 s
25 115 1
115 160 1
70 155 1
60 275 1
55 300 1
220 255 2
255 145 2
295 100 1
195 95 1
15 101 1
71 125 1
90 175 2
15 170 1
90 265 1
150 315 1
285 310 1
215 140 1
185 55 1
130 65 1
0 0 0
