2 24 8
24
180 100 s
160 120 c -10 1
130 150 s
100 180 s
100 200 c -1 2
100 240 s
100 260 s
130 290 c 1 10
160 320 s
180 340 s
200 340 c 2 1
250 340 s
270 340 s
290 320 c 10 -1
320 290 s
350 260 s
350 240 c 1 -2
350 200 s
350 180 s
320 150 c -1 -10
290 120 s
270 100 s
250 100 c -2 -1
200 100 s
24
190 110 s
170 130 c -1 10
140 160 s
110 190 s
110 200 c 1 2
110 240 s
110 250 s
140 280 c 10 1
170 310 s
190 330 s
200 330 c 2 -1
250 330 s
260 330 s
280 310 c 1 -10
310 280 s
340 250 s
340 240 c -1 -2
340 200 s
340 190 s
310 160 c -10 -1
280 130 s
260 110 s
250 110 c -2 1
200 110 s
185 105 1
105 185 1
105 255 1
185 335 1
265 335 1
345 255 1
345 185 1
265 105 1
225 114 1
224 96 1
225 344 1
225 326 1
97 220 1
113 220 1
337 220 1
353 220 1
155 145 1
145 135 1
155 295 1
145 305 1
305 305 1
295 295 1
295 145 1
305 135 1
225 105 3
225 335 3
105 220 3
345 220 3
150 140 3
150 300 3
300 300 3
300 140 3
0 0 0
