31 24 20
4
0 0 s
0 130000 s
110000 130000 s
110000 0 s
4
10000 10000 s
10000 20000 s
20000 20000 s
20000 10000 s
4
10000 30000 s
10000 40000 s
20000 40000 s
20000 30000 s
4
10000 50000 s
10000 60000 s
20000 60000 s
20000 50000 s
4
10000 70000 s
10000 80000 s
20000 80000 s
20000 70000 s
4
10000 90000 s
10000 100000 s
20000 100000 s
20000 90000 s
4
10000 110000 s
10000 120000 s
20000 120000 s
20000 110000 s
4
30000 10000 s
30000 20000 s
40000 20000 s
40000 10000 s
4
30000 30000 s
30000 40000 s
40000 40000 s
40000 30000 s
4
30000 50000 s
30000 60000 s
40000 60000 s
40000 50000 s
4
30000 70000 s
30000 80000 s
40000 80000 s
40000 70000 s
4
30000 90000 s
30000 100000 s
40000 100000 s
40000 90000 s
4
30000 110000 s
30000 120000 s
40000 120000 s
40000 110000 s
4
50000 10000 s
50000 20000 s
60000 20000 s
60000 10000 s
4
50000 30000 s
50000 40000 s
60000 40000 s
60000 30000 s
4
50000 50000 s
50000 60000 s
60000 60000 s
60000 50000 s
4
50000 70000 s
50000 80000 s
60000 80000 s
60000 70000 s
4
50000 90000 s
50000 100000 s
60000 100000 s
60000 90000 s
4
50000 110000 s
50000 120000 s
60000 120000 s
60000 110000 s
4
70000 10000 s
70000 20000 s
80000 20000 s
80000 10000 s
4
70000 30000 s
70000 40000 s
80000 40000 s
80000 30000 s
4
70000 50000 s
70000 60000 s
80000 60000 s
80000 50000 s
4
70000 70000 s
70000 80000 s
80000 80000 s
80000 70000 s
4
70000 90000 s
70000 100000 s
80000 100000 s
80000 90000 s
4
70000 110000 s
70000 120000 s
80000 120000 s
80000 110000 s
4
90000 10000 s
90000 20000 s
100000 20000 s
100000 10000 s
4
90000 30000 s
90000 40000 s
100000 40000 s
100000 30000 s
4
90000 50000 s
90000 60000 s
100000 60000 s
100000 50000 s
4
90000 70000 s
90000 80000 s
100000 80000 s
100000 70000 s
4
90000 90000 s
90000 100000 s
100000 100000 s
100000 90000 s
4
90000 110000 s
90000 120000 s
100000 120000 s
100000 110000 s
25001 15001 1
25001 35001 1
25001 55001 1
25001 75001 1
25001 95001 1
25001 115001 1
45001 15001 1
45001 35001 1
45001 55001 1
45001 75001 1
45001 95001 1
45001 115001 1
65001 15001 1
65001 35001 1
65001 55001 1
65001 75001 1
65001 95001 1
65001 115001 1
85001 15001 1
85001 35001 1
85001 55001 1
85001 75001 1
85001 95001 1
85001 115001 1
25000 25000 1
25000 45000 1
25000 65000 2
25000 85000 1
25000 105000 1
45000 25000 1
45000 45000 1
45000 65000 1
45000 85000 2
45000 105000 1
65000 25000 1
65000 45000 2
65000 65000 1
65000 85000 1
65000 105000 1
85000 25000 2
85000 45000 1
85000 65000 1
85000 85000 1
85000 105000 2
0 0 0
