23.05      27.1       4.6        
31.1       12.35      14.9       
13.8       18         6          
21.85      14.2       27.55      
12.8       21.35      10.55      
31.05      6.6        22.2       
27.25      31.75      28.9       
24.05      24.2       9.5        
14.25      14.85      27         
21.7       11.65      34.9       
21.8       39.05      18.8       
36.3       22.65      30.75      
15.7       38.2       17.95      
33.8       38.6       36.8       
18.75      40.5       40.65      
42.55      29.8       20.2       
36.8       45.5       30.95      
45.6       34.2       43.95      
38.2       47.05      42.1       
43.1       26         24.8       
35.7       35.1       26.25      
34.75      30.25      38.8       
28.55      33.65      49.85      
51.75      38.55      30.75      
25.3       30.55      34.9       
27.35      51.2       34.85      
32.55      54.9       48.3       
49.9       34.45      44.05      
50.75      46.55      44.15      
49.5       43.2       45         
41.35      43.75      38.95      
37.25      33.05      57.8       
47.1       45.3       46.05      
45.4       51.85      34.6       
52.7       55.1       59.45      
51         64.8       50.1       
38.05      60.7       52.45      
46.25      43.25      58.7       
59.1       58.8       68.25      
61         52.3       64.9       
54.95      55.55      61.4       
57.6       67.8       58.2       
49.45      49.3       47.5       
71.45      67.4       70.1       
63.45      69.9       53.7       
73.6       53.35      47.05      
57.2       49.85      52.25      
56.1       67.5       74.25      
50.5       52         54.1       
66.05      73.55      62.75      
60.75      73.35      76.2       
60.25      77.8       68.35      
71.15      78.05      57.65      
83.7       68.4       54         
74.2       55.6       74.8       
85.55      62.9       58.55      
85.35      81.45      57.75      
85.6       58.9       73.9       
77.3       59.3       65.9       
63.6       66.3       61.8       
80.35      91         88.75      
83         68         81.35      
91.2       90.6       77.7       
86.8       81.7       84.55      
72.95      92.75      87.2       
86.85      79.5       66.6       
67.15      77.05      83.35      
90.95      73.55      88.55      
90.15      83.7       72.15      
97.3       77.65      93.1       
91.85      89.15      92.15      
74.85      76.95      81.6       
89.65      80.2       84.7       
93.65      91.25      81.35      
87.75      105        88.65      
94         89.65      77.05      
93.65      82.4       106.85     
82.5       78.6       99.3       
82.75      92.2       105.25     
108.65     83.3       95.75      
106.05     86.7       85.35      
94.3       88.3       103.75     
101.9      83         84.5       
98.55      84.75      101.55     
92.05      97.3       100.75     
105.5      94.7       97.85      
91.2       109.5      95.7       
110.8      89.95      110.5      
118.4      104.15     103.55     
109.35     90.15      91.5       
108.85     91.75      91         
103.1      110.6      117.8      
93.3       113.4      109.05     
103.15     107.5      105.7      
105.65     117.05     112.4      
125.7      104.55     120.9      
112.15     115.75     125.5      
106.7      113        103.7      
128.7      128.7      125.55     
127.15     116.65     124        
119.6      116        128.3      
127.65     104.25     131.4      
117.25     123.25     107.65     
104.3      127.4      125.9      
118.8      118.05     133.5      
123.55     119.2      114.7      
110.75     107.45     134.15     
130.35     126        125.7      
133.6      115.3      126.85     
135.2      120.2      110.75     
126        115.65     130.05     
140.05     136.9      127.6      
117.95     119.9      121.55     
139.8      120        138.15     
127.9      143.5      116.65     
129.05     133.1      139.55     
144.75     126        121.95     
139.6      119.2      122.05     
143.15     135.5      143        
147.6      132.3      141.3      
122.95     141.55     141.55     
131        136.7      136.55     
124.05     125.1      148.95     
152.8      132.85     148.75     
136.7      152.3      144.5      
132.15     134.85     151.8      
132.1      140.95     129.55     
149.75     128.6      144.95     
156.75     133.65     133.35     
143.2      148.15     137.65     
131.45     157.55     159.35     
141.75     141.9      134.85     
152.05     137.05     145.3      
146.9      146.45     143.3      
137.1      155.1      143.4      
137.2      151.15     162.85     
155.75     155.9      148.25     
146.55     151.95     146.1      
141.25     157.75     156.4      
145.7      148.25     156.65     
161.1      148.2      153.15     
158.2      147.55     167.5      
151.4      160.85     149.9      
172.95     149.1      171.45     
161.8      165.85     156.1      
163.7      151.55     147.8      
171.3      168        158.7      
166.75     154.6      154.3      
173.9      165.2      174.2      
160.95     153        177.15     
157.45     166        168.4      
174.05     180.2      179        
161.4      171.45     162.3      
172        169.15     173.05     
183.65     169.85     158.75     
159        177.75     183.3      
159.85     171.25     175.45     
171.5      177.95     182.45     
180        163.2      160.65     
173.95     164.8      189.7      
182.45     177.05     182.9      
175.35     178.65     190.65     
179.8      182.2      180.1      
184.1      168.95     168.8      
183.6      184.8      190.65     
179.95     170.35     188.5      
167.9      191.6      195.95     
195.6      192.6      171        
182.8      196.9      189.85     
181.55     170.75     183.5      
195.15     181.95     172.8      
187        197.8      172.75     
202.25     174.5      201.95     
187.5      179.25     191.4      
189.55     191.8      195.85     
186.65     183.5      192.95     
191.25     197.4      177.15     
180.4      197.35     203.5      
179.75     191.6      186.8      
200.25     209.1      195        
200.2      188.95     185.35     
204.95     202.85     211.7      
193.65     201.6      205.8      
203.95     206.95     191.5      
196.7      211.4      206        
215.55     200.85     192        
201.1      194.2      199.6      
190.4      193.1      192.5      
197.4      195        196.65     
203.35     199.9      213.4      
207.05     193.25     218.6      
211.35     195.75     216.3      
202.9      197.2      221.8      
208.1      208.85     223.85     
215.55     210.45     221.55     
221.8      212.05     207.25     
218.45     212.15     205.85     
207.3      205.8      203.25     
226.15     228.4      226        
226.55     211.1      201.8      
203.85     229.35     219        
202.6      226.15     223.6      
210.2      223.4      230.75     
212.1      212.7      208.05     
226.45     211        218.2      
220.25     222.5      228.95     
228.3      217.65     222.3      
237.55     236.2      223.75     
228.05     211.55     210.2      
217.95     229.8      237.75     
228.4      213.85     224.35     
221.6      212.9      233.15     
231.3      221.1      222.75     
238.6      216.25     221.35     
231.35     227.45     224.15     
238.95     234.3      228.6      
223.3      237.1      218.95     
230.75     241.55     245        
240.9      237.45     235.8      
236.5      238.9      221.95     
231.2      235.25     247.4      
234.75     245.25     224.85     
239.65     250.45     253        
235.7      227.15     251.45     
232.95     238.35     237.15     
238.9      254.35     248.65     
246.95     257        248.9      
246.15     239.85     239.55     
252.85     238.6      256.45     
242.9      249.2      245.9      
253.05     247.35     252.75     
233.05     241.45     235        
236.3      244.1      253.1      
237.9      257.4      243.15     
262.9      244.6      259.75     
244.85     251.15     247.1      
260.1      247.2      251.7      
248.95     256.15     250.45     
265.25     263.3      241.4      
268.05     247.05     255.3      
244.15     268.9      252.25     
269        270.5      253.7      
266.55     264.6      272.25     
260.8      258.85     270.25     
265.1      270.8      258.65     
275.1      261.9      255.6      
247.6      266.2      266.95     
250.4      257        272.75     
256.05     267.9      249.3      
264.7      260.8      258.55     
252.2      276.2      252.8      
275.1      263.4      279.15     
263.5      268.75     269.5      
260.9      262.7      275.3      
260.7      275.7      276.45     
284.05     276.85     262.6      
279.95     257.15     262.85     
275.1      286.5      283.65     
281.2      270.1      287.5      
271.85     272.3      284.75     
286.35     278.1      288.9      
273.7      279.1      291.1      
275.9      264.8      271.7      
281.85     275.4      288.75     
268        265.3      290.35     
268.7      279.35     272        
267.15     289.2      270.9      
271.15     290.35     285.25     
287.15     271.7      270.2      
277.95     293.25     279.15     
288.85     280.9      285.85     
301.7      290.9      295.7      
275.4      294.15     288.15     
284.65     302.35     279.85     
280.7      284.45     276.95     
278.55     280.5      299.85     
289.6      293.95     282.25     
303.5      283.7      280.85     
291        288.45     286.65     
289.45     292.75     292.6      
289.7      309.95     308.75     
296.25     288.3      292.8      
298.15     309.1      291.7      
310.7      309.65     302.3      
293.1      302.85     305.25     
297.25     304.15     297.4      
294.8      306.35     288.8      
314.85     293.85     310.05     
299.65     318.55     293.35     
296.75     306.95     317.15     
312.3      318.3      294.45     
313.9      316.75     295.6      
320        313.4      307.85     
306.45     313.2      310.5      
299.35     300.1      300.1      
316.4      305.75     313.85     
300.45     326.25     323.7      
305.95     318.1      311.5      
311.15     317.6      303.5      
301.8      317.4      317.85     
